8.787602982334231427e+00
-1.908733369145138070e+01
-5.548983389044495063e+00
1.598161243197915304e+00
8.473461821356453427e+00
-1.423650595775696281e+01
7.514542204579449658e-01
3.243948912008342012e-01
9.119780237665235489e+00
-1.039323319096370035e+01
3.913197757096342766e+00
1.332868155791590459e+00
9.352680257526774454e+00
-6.888486554645147919e+00
4.966608901937376253e+00
-9.428732701660139104e-02
1.061615038780083076e+01
-5.632723016097267887e+00
6.138754578618436319e+00
2.618109669150986418e-01
-1.341388566563195495e+00
6.833711766901122253e+00
-8.976669982130083270e+00
-3.592389650615961383e+00
9.258452716807680227e-01
