3.897872478467117929e+00
-1.516684990657236831e+01
-1.422749664109904888e+00
2.094543416770571653e+00
3.557143356526395905e+00
3.076564634098281736e+00
3.363441021035391110e+00
-1.204294920804987612e+01
6.383433849449670072e-01
9.213293530191185576e-02
4.235062683294684049e+00
4.071855056829137176e+00
3.708790848931505124e+00
-1.067439911577687717e+01
2.828327415065482242e+00
1.953294451068880555e+00
3.493706501538969000e+00
2.835068807306229566e+00
4.447752281321188939e+00
-9.269584108687974222e+00
2.227693339126566308e+00
1.528344198279421029e+00
3.607708117142358617e+00
3.524550542390539221e+00
4.510416165130284760e+00
-7.174489606475980885e+00
2.405687885379731661e+00
9.445346368524769609e-01
3.781852739607335145e+00
2.473197496324804234e+00
5.126104076141400068e-01
3.791818727982086301e+00
-7.197915339752958275e+00
-5.198727845619194099e+00
2.488720276611614324e+00
4.362559171713314754e+00
2.122453206711754525e+00
